
% the inference error in p is obtained from the python code in 
% https://github.com/Kamran0153/Channel-State-Information-Prediction

p=[8.88406409e-03 6.43836458e-02 1.83557542e-01 3.22831952e-01 4.12260361e-01 4.22205331e-01 3.89726770e-01 3.80741143e-01 4.11186165e-01 4.48256750e-01 4.54150984e-01 4.34892994e-01 4.23938745e-01 4.37839088e-01 4.62664298e-01 4.67996932e-01 4.53375456e-01 4.43736535e-01 4.52588494e-01;
   8.41433168e-04 1.07658056e-02 4.94565213e-02 1.31398110e-01 2.41329113e-01 3.36525938e-01 3.76066307e-01 3.67416085e-01 3.48967056e-01 3.60808620e-01 3.95904075e-01 4.23355610e-01 4.20351001e-01 4.05125055e-01 4.02436870e-01 4.22371870e-01 4.41877279e-01 4.42131578e-01 4.30601515e-01;
   7.87677661e-05 1.58627764e-03 1.06541697e-02 3.99551924e-02 1.00970522e-01 1.88737731e-01 2.77592779e-01 3.31272429e-01 3.41109468e-01 3.26793237e-01 3.25061838e-01 3.49084267e-01 3.82499211e-01 3.95551062e-01 3.86714441e-01 3.74704640e-01 3.85315446e-01 4.08836867e-01 4.23670769e-01;
   7.58346277e-06 2.19609098e-04 2.03480953e-03 1.02169351e-02 3.40093452e-02 8.30795575e-02 1.57044701e-01 2.39030244e-01 3.01882166e-01 3.25764859e-01 3.19237828e-01 3.09354357e-01 3.20714064e-01 3.50533578e-01 3.75101772e-01 3.77787058e-01 3.67434281e-01 3.64167283e-01 3.80357782e-01;
   7.97522222e-07 3.03655756e-05 3.64646321e-04 2.34667157e-03 9.86213970e-03 3.01988701e-02 7.14123531e-02 1.35417177e-01 2.11079043e-01 2.76630897e-01 3.11606261e-01 3.13269982e-01 3.01950791e-01 3.01600779e-01 3.24804632e-01 3.52976255e-01 3.67106878e-01 3.63697952e-01 3.56031214e-01;
   2.78035056e-07 9.59860851e-06 1.14340426e-04 7.67669173e-04 3.49841212e-03 1.18624442e-02 3.15857633e-02 6.88210754e-02 1.24326041e-01 1.90280997e-01 2.49344271e-01 2.87106579e-01 2.96629649e-01 2.90234760e-01 2.90119402e-01 3.05636063e-01 3.31376381e-01 3.48990413e-01 3.52429317e-01;
   2.27803315e-07 8.45895751e-06 1.06393029e-04 7.36345225e-04 3.41542029e-03 1.17125996e-02 3.12302211e-02 6.74636927e-02 1.20529684e-01 1.83385729e-01 2.39903231e-01 2.74560542e-01 2.84493476e-01 2.82908938e-01 2.85339341e-01 3.01369977e-01 3.23382982e-01 3.38075420e-01 3.40311562e-01;
   1.58894671e-07 5.35727476e-06 6.42853556e-05 4.38087237e-04 2.04176632e-03 7.18167165e-03 1.99868685e-02 4.54468759e-02 8.73932027e-02 1.43302058e-01 2.03130904e-01 2.52452389e-01 2.80523329e-01 2.86074151e-01 2.81585336e-01 2.85912652e-01 3.02706287e-01 3.25479190e-01 3.39813194e-01;
   1.14077905e-07 3.98330471e-06 5.03756524e-05 3.63727570e-04 1.78133505e-03 6.51650107e-03 1.87620267e-02 4.40342269e-02 8.64920734e-02 1.43809319e-01 2.05071204e-01 2.56348993e-01 2.82758412e-01 2.87160131e-01 2.81477032e-01 2.85309820e-01 3.01225910e-01 3.21590714e-01 3.34673817e-01;
   1.09778066e-07 3.71146211e-06 4.51061539e-05 3.14365212e-04 1.50141419e-03 5.40038142e-03 1.53229544e-02 3.58296050e-02 7.05241038e-02 1.18318643e-01 1.72842657e-01 2.22302315e-01 2.53620156e-01 2.67263867e-01 2.68307294e-01 2.69623734e-01 2.78556445e-01 2.94926031e-01 3.09146182e-01];
p=p';

%% p(i, j)=err_inference(i, j), where i is the AoI and j is the feature length


